NbOfDofs :35
First value of ZMP : 0.0316055 -1.27319e-18 0
Should be equal to the CoM: 0.0316055 -1.27319e-18 -0.0418089
InertiaMatrix(35,35)
[35,35]((130.8,0,0,0,-5.4686,1.66533e-16,0,-9.93275,0,-3.8,-0.38,0,-1.2728,0,0,-0.4764,0,-0.04,0,0,-9.93275,0,-3.8,-0.38,0,-1.2728,0,0,-0.4764,0,-0.04,0,13.3844,0,0),(0,130.8,0,5.4686,0,4.134,9.93275,0,0,0,0,0.38,0,1.2728,0,0,-0.04,0,0.04,9.93275,0,0,0,0,0.38,0,1.2728,0,0,-0.04,0,0.04,0,-13.9844,0),(0,0,130.8,-1.66533e-16,-4.134,0,-0.454,-0.157,0,-0.157,-0.157,0,-0.26,0,0,0.04,0,0.04,0,0.454,-0.157,0,-0.157,-0.157,0,-0.26,0,0,0.04,0,0.04,0,-3.82,3.05311e-16,0),(0,5.4686,-1.66533e-16,47.9039,0,-0.629801,12.1975,0.01413,0,0.01413,0.01413,1.32433,0.0546,6.13999,0,-0.0084,-0.0064,-0.0084,1.0104,12.1975,-0.01413,0,-0.01413,-0.01413,1.32433,-0.0546,6.13999,0,0.0084,-0.0064,0.0084,1.0104,3.46945e-18,20.989,0),(-5.4686,0,-4.134,0,47.6109,1.11022e-16,0,11.3287,0,5.87851,2.52954,0,7.17399,0,0,4.09776,0,2.0144,0,0,11.3287,0,5.87851,2.52954,0,7.17399,0,0,4.09776,0,2.0144,0,21.9155,3.46945e-18,0),(1.66533e-16,4.134,0,-0.629801,1.11022e-16,31.9759,0.209,-0.966062,0,-0.342,-0.0342,0.1064,-0.267288,-0.0204,0,-0.100044,3.004,-0.0084,0,0.209,0.966062,0,0.342,0.0342,0.1064,0.267288,-0.0204,0,0.100044,3.004,0.0084,0,2.08167e-17,-1.0478,0),(0,9.93275,-0.454,12.1975,0,0.209,12.1566,0,0,0,0,1.32433,0,0,0,0,0,0,0,0,0,0,0,0,0,0,0,0,0,0,0,0,0,0,0),(-9.93275,0,-0.157,0.01413,11.3287,-0.966062,0,11.3287,0,5.87851,2.52954,0,0,0,0,0,0,0,0,0,0,0,0,0,0,0,0,0,0,0,0,0,0,0,0),(0,0,0,0,0,0,0,0,0,0,0,0,0,0,0,0,0,0,0,0,0,0,0,0,0,0,0,0,0,0,0,0,0,0,0),(-3.8,0,-0.157,0.01413,5.87851,-0.342,0,5.87851,0,4.53521,2.39521,0,0,0,0,0,0,0,0,0,0,0,0,0,0,0,0,0,0,0,0,0,0,0,0),(-0.38,0,-0.157,0.01413,2.52954,-0.0342,0,2.52954,0,2.39521,2.28121,0,0,0,0,0,0,0,0,0,0,0,0,0,0,0,0,0,0,0,0,0,0,0,0),(0,0.38,0,1.32433,0,0.1064,1.32433,0,0,0,0,1.076,0,0,0,0,0,0,0,0,0,0,0,0,0,0,0,0,0,0,0,0,0,0,0),(-1.2728,0,-0.26,0.0546,7.17399,-0.267288,0,0,0,0,0,0,7.61947,0,0,4.2645,0,2.0284,0,0,0,0,0,0,0,0,0,0,0,0,0,0,7.17399,0.0546,0),(0,1.2728,0,6.13999,0,-0.0204,0,0,0,0,0,0,0,6.58547,0,0,-0.0204,0,1.0244,0,0,0,0,0,0,0,0,0,0,0,0,0,0,6.13999,0),(0,0,0,0,0,0,0,0,0,0,0,0,0,0,0,0,0,0,0,0,0,0,0,0,0,0,0,0,0,0,0,0,0,0,0),(-0.4764,0,0.04,-0.0084,4.09776,-0.100044,0,0,0,0,0,0,4.2645,0,0,4.13921,0,2.01788,0,0,0,0,0,0,0,0,0,0,0,0,0,0,4.09776,-0.0084,0),(0,-0.04,0,-0.0064,0,3.004,0,0,0,0,0,0,0,-0.0204,0,0,3.004,0,0,0,0,0,0,0,0,0,0,0,0,0,0,0,0,-0.0064,0),(-0.04,0,0.04,-0.0084,2.0144,-0.0084,0,0,0,0,0,0,2.0284,0,0,2.01788,0,2.008,0,0,0,0,0,0,0,0,0,0,0,0,0,0,2.0144,-0.0084,0),(0,0.04,0,1.0104,0,0,0,0,0,0,0,0,0,1.0244,0,0,0,0,1.004,0,0,0,0,0,0,0,0,0,0,0,0,0,0,1.0104,0),(0,9.93275,0.454,12.1975,0,0.209,0,0,0,0,0,0,0,0,0,0,0,0,0,12.1566,0,0,0,0,1.32433,0,0,0,0,0,0,0,0,0,0),(-9.93275,0,-0.157,-0.01413,11.3287,0.966062,0,0,0,0,0,0,0,0,0,0,0,0,0,0,11.3287,0,5.87851,2.52954,0,0,0,0,0,0,0,0,0,0,0),(0,0,0,0,0,0,0,0,0,0,0,0,0,0,0,0,0,0,0,0,0,0,0,0,0,0,0,0,0,0,0,0,0,0,0),(-3.8,0,-0.157,-0.01413,5.87851,0.342,0,0,0,0,0,0,0,0,0,0,0,0,0,0,5.87851,0,4.53521,2.39521,0,0,0,0,0,0,0,0,0,0,0),(-0.38,0,-0.157,-0.01413,2.52954,0.0342,0,0,0,0,0,0,0,0,0,0,0,0,0,0,2.52954,0,2.39521,2.28121,0,0,0,0,0,0,0,0,0,0,0),(0,0.38,0,1.32433,0,0.1064,0,0,0,0,0,0,0,0,0,0,0,0,0,1.32433,0,0,0,0,1.076,0,0,0,0,0,0,0,0,0,0),(-1.2728,0,-0.26,-0.0546,7.17399,0.267288,0,0,0,0,0,0,0,0,0,0,0,0,0,0,0,0,0,0,0,7.61947,0,0,4.2645,0,2.0284,0,7.17399,-0.0546,0),(0,1.2728,0,6.13999,0,-0.0204,0,0,0,0,0,0,0,0,0,0,0,0,0,0,0,0,0,0,0,0,6.58547,0,0,-0.0204,0,1.0244,0,6.13999,0),(0,0,0,0,0,0,0,0,0,0,0,0,0,0,0,0,0,0,0,0,0,0,0,0,0,0,0,0,0,0,0,0,0,0,0),(-0.4764,0,0.04,0.0084,4.09776,0.100044,0,0,0,0,0,0,0,0,0,0,0,0,0,0,0,0,0,0,0,4.2645,0,0,4.13921,0,2.01788,0,4.09776,0.0084,0),(0,-0.04,0,-0.0064,0,3.004,0,0,0,0,0,0,0,0,0,0,0,0,0,0,0,0,0,0,0,0,-0.0204,0,0,3.004,0,0,0,-0.0064,0),(-0.04,0,0.04,0.0084,2.0144,0.0084,0,0,0,0,0,0,0,0,0,0,0,0,0,0,0,0,0,0,0,2.0284,0,0,2.01788,0,2.008,0,2.0144,0.0084,0),(0,0.04,0,1.0104,0,0,0,0,0,0,0,0,0,0,0,0,0,0,0,0,0,0,0,0,0,0,1.0244,0,0,0,0,1.004,0,1.0104,0),(13.3844,0,-3.82,3.46945e-18,21.9155,2.08167e-17,0,0,0,0,0,0,7.17399,0,0,4.09776,0,2.0144,0,0,0,0,0,0,0,7.17399,0,0,4.09776,0,2.0144,0,21.9155,3.46945e-18,0),(0,-13.9844,3.05311e-16,20.989,3.46945e-18,-1.0478,0,0,0,0,0,0,0.0546,6.13999,0,-0.0084,-0.0064,-0.0084,1.0104,0,0,0,0,0,0,-0.0546,6.13999,0,0.0084,-0.0064,0.0084,1.0104,3.46945e-18,20.989,0),(0,0,0,0,0,0,0,0,0,0,0,0,0,0,0,0,0,0,0,0,0,0,0,0,0,0,0,0,0,0,0,0,0,0,0))
****************************
Rank of Root: 0
****************************
Value of the CoM's Jacobian:
[3,35]((1,0,0,0,-0.0418089,1.27319e-18,0,-0.0759385,0,-0.029052,-0.0029052,0,-0.00973089,0,0,-0.0036422,0,-0.00030581,0,0,-0.0759385,0,-0.029052,-0.0029052,0,-0.00973089,0,0,-0.0036422,0,-0.00030581,0,0.102327,0,0),(0,1,0,0.0418089,0,0.0316055,0.0759385,0,0,0,0,0.0029052,0,0.00973089,0,0,-0.00030581,0,0.00030581,0.0759385,0,0,0,0,0.0029052,0,0.00973089,0,0,-0.00030581,0,0.00030581,0,-0.106914,0),(0,0,1,-1.27319e-18,-0.0316055,0,-0.00347095,-0.00120031,0,-0.00120031,-0.00120031,0,-0.00198777,0,0,0.00030581,0,0.00030581,0,0.00347095,-0.00120031,0,-0.00120031,-0.00120031,0,-0.00198777,0,0,0.00030581,0,0.00030581,0,-0.0292049,1.94066e-18,0))
****************************
Rank : 0
Number of child  :3
Nb of degree of freedom 6
Initial Position 1 0 0 0 
0 1 0 0 
0 0 1 0 
0 0 0 1 
CurrentTransformation 1 0 0 0 
0 1 0 0 
0 0 1 0 
0 0 0 1 
llimit: 0 ulimit: 0 
lvlimit: 0 uvlimit: 0 
Nb of nodes: 1
Joint from root to here:
0 
Linear Velocity 0 0 0 
Angular Velocity 0 0 0 
Linear Acceleration 0 0 0 
Angular Acceleration 0 0 0 
Related body informations
Local center of Mass : 0 0 0.0375 
Inertia Matrix: 1 0 0 
0 1 0 
0 0 1 
mass: 27
***********************************************
 Display Now information related to children :
 Rank : 32
 Number of child  :1
 Nb of degree of freedom 1
 Initial Position 0 1 0 0 
 1 0 0 0 
 0 0 0 0 
 0 0 0 1 
 CurrentTransformation 1 0 0 0 
 0 1 0 0 
 0 0 1 0 
 0 0 0 1 
 llimit: 0  ulimit: 0 
 lvlimit: 0  uvlimit: 0 
 Nb of nodes: 2
 Joint from root to here:
 0 32 
 Linear Velocity 0 0 0 
 Angular Velocity 0 0 0 
 Linear Acceleration 0 0 0 
 Angular Acceleration 0 0 0 
 Related body informations
 Local center of Mass : 0 0 -0.1 
 Inertia Matrix: 1 0 0 
 0 1 0 
 0 0 1 
 mass: 6
 ***********************************************
  Display Now information related to children :
  Rank : 33
  Number of child  :1
  Nb of degree of freedom 1
  Initial Position 1 0 0 0 
  0 1 0 0 
  0 0 0 0 
  0 0 0 1 
  CurrentTransformation 1 0 0 0 
  0 1 0 0 
  0 0 1 0 
  0 0 0 1 
  llimit: 0   ulimit: 0 
  lvlimit: 0   uvlimit: 0 
  Nb of nodes: 3
  Joint from root to here:
  0 32 33 
  Linear Velocity 0 0 0 
  Angular Velocity 0 0 0 
  Linear Acceleration 0 0 0 
  Angular Acceleration 0 0 0 
  Related body informations
  Local center of Mass : 0.11 0 0.25 
  Inertia Matrix: 1 0 0 
  0 1 0 
  0 0 1 
  mass: 30
  ***********************************************
   Display Now information related to children :
   Rank : 34
   Number of child  :2
   Nb of degree of freedom 1
   Initial Position 0 1 0 0 
   0 0 0 0 
   0 0 0 0.35 
   0 0 0 1 
   CurrentTransformation 1 0 0 0 
   0 1 0 0 
   0 0 1 0.35 
   0 0 0 1 
   llimit: 0    ulimit: 0 
   lvlimit: 0    uvlimit: 0 
   Nb of nodes: 4
   Joint from root to here:
   0 32 33 34 
   Linear Velocity 0 0 0 
   Angular Velocity 0 0 0 
   Linear Acceleration 0 0 0 
   Angular Acceleration 0 0 0 
   Related body informations
   Local center of Mass : 0 0 0 
   Inertia Matrix: 1 0 0 
   0 1 0 
   0 0 1 
   mass: 13
   ***********************************************
    Display Now information related to children :
    Rank : 25
    Number of child  :1
    Nb of degree of freedom 1
    Initial Position 0 1 0 0 
    1 0 0 0.21 
    0 0 0 0 
    0 0 0 1 
    CurrentTransformation 1 0 0 0 
    0 1 0 0.21 
    0 0 1 0.35 
    0 0 0 1 
    llimit: 0     ulimit: 0 
    lvlimit: 0     uvlimit: 0 
    Nb of nodes: 5
    Joint from root to here:
    0 32 33 34 25 
    Linear Velocity 0 0 0 
    Angular Velocity 0 0 0 
    Linear Acceleration 0 0 0 
    Angular Acceleration 0 0 0 
    Related body informations
    Local center of Mass : 0.1 0 0 
    Inertia Matrix: 1 0 0 
    0 1 0 
    0 0 1 
    mass: 3
    ***********************************************
     Display Now information related to children :
     Rank : 26
     Number of child  :1
     Nb of degree of freedom 1
     Initial Position 1 0 0 0 
     0 1 0 0 
     0 0 0 0 
     0 0 0 1 
     CurrentTransformation 1 0 0 0 
     0 1 0 0.21 
     0 0 1 0.35 
     0 0 0 1 
     llimit: 0      ulimit: 0 
     lvlimit: 0      uvlimit: 0 
     Nb of nodes: 6
     Joint from root to here:
     0 32 33 34 25 26 
     Linear Velocity 0 0 0 
     Angular Velocity 0 0 0 
     Linear Acceleration 0 0 0 
     Angular Acceleration 0 0 0 
     Related body informations
     Local center of Mass : 0 0 -0.1 
     Inertia Matrix: 1 0 0 
     0 1 0 
     0 0 1 
     mass: 0.6
     ***********************************************
      Display Now information related to children :
      Rank : 27
      Number of child  :1
      Nb of degree of freedom 1
      Initial Position 0 1 0 0 
      0 0 0 0 
      0 0 0 -0.263 
      0 0 0 1 
      CurrentTransformation 1 0 0 0 
      0 1 0 0.21 
      0 0 1 0.087 
      0 0 0 1 
      llimit: 0       ulimit: 0 
      lvlimit: 0       uvlimit: 0 
      Nb of nodes: 7
      Joint from root to here:
      0 32 33 34 25 26 27 
      Linear Velocity 0 0 0 
      Angular Velocity 0 0 0 
      Linear Acceleration 0 0 0 
      Angular Acceleration 0 0 0 
      Related body informations
      Local center of Mass : 0 0 0 
      Inertia Matrix: 1 0 0 
      0 1 0 
      0 0 1 
      mass: 1
      ***********************************************
       Display Now information related to children :
       Rank : 28
       Number of child  :1
       Nb of degree of freedom 1
       Initial Position 0 1 0 0 
       1 0 0 0 
       0 0 0 0 
       0 0 0 1 
       CurrentTransformation 1 0 0 0 
       0 1 0 0.21 
       0 0 1 0.087 
       0 0 0 1 
       llimit: 0        ulimit: 0 
       lvlimit: 0        uvlimit: 0 
       Nb of nodes: 8
       Joint from root to here:
       0 32 33 34 25 26 27 28 
       Linear Velocity 0 0 0 
       Angular Velocity 0 0 0 
       Linear Acceleration 0 0 0 
       Angular Acceleration 0 0 0 
       Related body informations
       Local center of Mass : 0 0 -0.3 
       Inertia Matrix: 1 0 0 
       0 1 0 
       0 0 1 
       mass: 0.6
       ***********************************************
        Display Now information related to children :
        Rank : 29
        Number of child  :1
        Nb of degree of freedom 1
        Initial Position 0 1 0 0 
        0 0 0 0 
        1 0 0 -0.247 
        0 0 0 1 
        CurrentTransformation 1 0 0 0 
        0 1 0 0.21 
        0 0 1 -0.16 
        0 0 0 1 
        llimit: 0         ulimit: 0 
        lvlimit: 0         uvlimit: 0 
        Nb of nodes: 9
        Joint from root to here:
        0 32 33 34 25 26 27 28 29 
        Linear Velocity 0 0 0 
        Angular Velocity 0 0 0 
        Linear Acceleration 0 0 0 
        Angular Acceleration 0 0 0 
        Related body informations
        Local center of Mass : 0 0 0.1 
        Inertia Matrix: 1 0 0 
        0 1 0 
        0 0 1 
        mass: 0.4
        ***********************************************
         Display Now information related to children :
         Rank : 30
         Number of child  :1
         Nb of degree of freedom 1
         Initial Position 0 1 0 0 
         1 0 0 0 
         0 0 0 0 
         0 0 0 1 
         CurrentTransformation 1 0 0 0 
         0 1 0 0.21 
         0 0 1 -0.16 
         0 0 0 1 
         llimit: 0          ulimit: 0 
         lvlimit: 0          uvlimit: 0 
         Nb of nodes: 10
         Joint from root to here:
         0 32 33 34 25 26 27 28 29 30 
         Linear Velocity 0 0 0 
         Angular Velocity 0 0 0 
         Linear Acceleration 0 0 0 
         Angular Acceleration 0 0 0 
         Related body informations
         Local center of Mass : -0.1 0 0 
         Inertia Matrix: 1 0 0 
         0 1 0 
         0 0 1 
         mass: 0.4
         ***********************************************
          Display Now information related to children :
          Rank : 31
          Number of child  :0
          Nb of degree of freedom 1
          Initial Position 1 0 0 0 
          0 1 0 0 
          0 0 0 0 
          0 0 0 1 
          CurrentTransformation 1 0 0 0 
          0 1 0 0.21 
          0 0 1 -0.16 
          0 0 0 1 
          llimit: 0           ulimit: 0 
          lvlimit: 0           uvlimit: 0 
          Nb of nodes: 11
          Joint from root to here:
          0 32 33 34 25 26 27 28 29 30 31 
          Linear Velocity 0 0 0 
          Angular Velocity 0 0 0 
          Linear Acceleration 0 0 0 
          Angular Acceleration 0 0 0 
          Related body informations
          Local center of Mass : 0 0 -0.1 
          Inertia Matrix: 1 0 0 
          0 1 0 
          0 0 1 
          mass: 0.4
    Rank : 12
    Number of child  :1
    Nb of degree of freedom 1
    Initial Position 0 1 0 0 
    1 0 0 -0.21 
    0 0 0 0 
    0 0 0 1 
    CurrentTransformation 1 0 0 0 
    0 1 0 -0.21 
    0 0 1 0.35 
    0 0 0 1 
    llimit: 0     ulimit: 0 
    lvlimit: 0     uvlimit: 0 
    Nb of nodes: 5
    Joint from root to here:
    0 32 33 34 12 
    Linear Velocity 0 0 0 
    Angular Velocity 0 0 0 
    Linear Acceleration 0 0 0 
    Angular Acceleration 0 0 0 
    Related body informations
    Local center of Mass : 0.1 0 0 
    Inertia Matrix: 1 0 0 
    0 1 0 
    0 0 1 
    mass: 3
    ***********************************************
     Display Now information related to children :
     Rank : 13
     Number of child  :1
     Nb of degree of freedom 1
     Initial Position 1 0 0 0 
     0 1 0 0 
     0 0 0 0 
     0 0 0 1 
     CurrentTransformation 1 0 0 0 
     0 1 0 -0.21 
     0 0 1 0.35 
     0 0 0 1 
     llimit: 0      ulimit: 0 
     lvlimit: 0      uvlimit: 0 
     Nb of nodes: 6
     Joint from root to here:
     0 32 33 34 12 13 
     Linear Velocity 0 0 0 
     Angular Velocity 0 0 0 
     Linear Acceleration 0 0 0 
     Angular Acceleration 0 0 0 
     Related body informations
     Local center of Mass : 0 0 -0.1 
     Inertia Matrix: 1 0 0 
     0 1 0 
     0 0 1 
     mass: 0.6
     ***********************************************
      Display Now information related to children :
      Rank : 14
      Number of child  :1
      Nb of degree of freedom 1
      Initial Position 0 1 0 0 
      0 0 0 0 
      0 0 0 -0.263 
      0 0 0 1 
      CurrentTransformation 1 0 0 0 
      0 1 0 -0.21 
      0 0 1 0.087 
      0 0 0 1 
      llimit: 0       ulimit: 0 
      lvlimit: 0       uvlimit: 0 
      Nb of nodes: 7
      Joint from root to here:
      0 32 33 34 12 13 14 
      Linear Velocity 0 0 0 
      Angular Velocity 0 0 0 
      Linear Acceleration 0 0 0 
      Angular Acceleration 0 0 0 
      Related body informations
      Local center of Mass : 0 0 0 
      Inertia Matrix: 1 0 0 
      0 1 0 
      0 0 1 
      mass: 1
      ***********************************************
       Display Now information related to children :
       Rank : 15
       Number of child  :1
       Nb of degree of freedom 1
       Initial Position 0 1 0 0 
       1 0 0 0 
       0 0 0 0 
       0 0 0 1 
       CurrentTransformation 1 0 0 0 
       0 1 0 -0.21 
       0 0 1 0.087 
       0 0 0 1 
       llimit: 0        ulimit: 0 
       lvlimit: 0        uvlimit: 0 
       Nb of nodes: 8
       Joint from root to here:
       0 32 33 34 12 13 14 15 
       Linear Velocity 0 0 0 
       Angular Velocity 0 0 0 
       Linear Acceleration 0 0 0 
       Angular Acceleration 0 0 0 
       Related body informations
       Local center of Mass : 0 0 -0.3 
       Inertia Matrix: 1 0 0 
       0 1 0 
       0 0 1 
       mass: 0.6
       ***********************************************
        Display Now information related to children :
        Rank : 16
        Number of child  :1
        Nb of degree of freedom 1
        Initial Position 0 1 0 0 
        0 0 0 0 
        1 0 0 -0.247 
        0 0 0 1 
        CurrentTransformation 1 0 0 0 
        0 1 0 -0.21 
        0 0 1 -0.16 
        0 0 0 1 
        llimit: 0         ulimit: 0 
        lvlimit: 0         uvlimit: 0 
        Nb of nodes: 9
        Joint from root to here:
        0 32 33 34 12 13 14 15 16 
        Linear Velocity 0 0 0 
        Angular Velocity 0 0 0 
        Linear Acceleration 0 0 0 
        Angular Acceleration 0 0 0 
        Related body informations
        Local center of Mass : 0 0 0.1 
        Inertia Matrix: 1 0 0 
        0 1 0 
        0 0 1 
        mass: 0.4
        ***********************************************
         Display Now information related to children :
         Rank : 17
         Number of child  :1
         Nb of degree of freedom 1
         Initial Position 0 1 0 0 
         1 0 0 0 
         0 0 0 0 
         0 0 0 1 
         CurrentTransformation 1 0 0 0 
         0 1 0 -0.21 
         0 0 1 -0.16 
         0 0 0 1 
         llimit: 0          ulimit: 0 
         lvlimit: 0          uvlimit: 0 
         Nb of nodes: 10
         Joint from root to here:
         0 32 33 34 12 13 14 15 16 17 
         Linear Velocity 0 0 0 
         Angular Velocity 0 0 0 
         Linear Acceleration 0 0 0 
         Angular Acceleration 0 0 0 
         Related body informations
         Local center of Mass : -0.1 0 0 
         Inertia Matrix: 1 0 0 
         0 1 0 
         0 0 1 
         mass: 0.4
         ***********************************************
          Display Now information related to children :
          Rank : 18
          Number of child  :0
          Nb of degree of freedom 1
          Initial Position 1 0 0 0 
          0 1 0 0 
          0 0 0 0 
          0 0 0 1 
          CurrentTransformation 1 0 0 0 
          0 1 0 -0.21 
          0 0 1 -0.16 
          0 0 0 1 
          llimit: 0           ulimit: 0 
          lvlimit: 0           uvlimit: 0 
          Nb of nodes: 11
          Joint from root to here:
          0 32 33 34 12 13 14 15 16 17 18 
          Linear Velocity 0 0 0 
          Angular Velocity 0 0 0 
          Linear Acceleration 0 0 0 
          Angular Acceleration 0 0 0 
          Related body informations
          Local center of Mass : 0 0 -0.1 
          Inertia Matrix: 1 0 0 
          0 1 0 
          0 0 1 
          mass: 0.4
 Rank : 19
 Number of child  :1
 Nb of degree of freedom 1
 Initial Position 1 0 0 0 
 0 1 0 0.09 
 0 0 0 0 
 0 0 0 1 
 CurrentTransformation 1 0 0 0 
 0 1 0 0.09 
 0 0 1 0 
 0 0 0 1 
 llimit: 0  ulimit: 0 
 lvlimit: 0  uvlimit: 0 
 Nb of nodes: 2
 Joint from root to here:
 0 19 
 Linear Velocity 0 0 0 
 Angular Velocity 0 0 0 
 Linear Acceleration 0 0 0 
 Angular Acceleration 0 0 0 
 Related body informations
 Local center of Mass : 0 0.1 0 
 Inertia Matrix: 1 0 0 
 0 1 0 
 0 0 1 
 mass: 2.5
 ***********************************************
  Display Now information related to children :
  Rank : 20
  Number of child  :1
  Nb of degree of freedom 1
  Initial Position 0 1 0 0 
  1 0 0 0 
  0 0 0 0 
  0 0 0 1 
  CurrentTransformation 1 0 0 0 
  0 1 0 0.09 
  0 0 1 0 
  0 0 0 1 
  llimit: 0   ulimit: 0 
  lvlimit: 0   uvlimit: 0 
  Nb of nodes: 3
  Joint from root to here:
  0 19 20 
  Linear Velocity 0 0 0 
  Angular Velocity 0 0 0 
  Linear Acceleration 0 0 0 
  Angular Acceleration 0 0 0 
  Related body informations
  Local center of Mass : 0 0 -0.15 
  Inertia Matrix: 1 0 0 
  0 1 0 
  0 0 1 
  mass: 2
  ***********************************************
   Display Now information related to children :
   Rank : 21
   Number of child  :1
   Nb of degree of freedom 1
   Initial Position 0 1 0 0 
   0 0 0 0 
   0 0 0 -0.3535 
   0 0 0 1 
   CurrentTransformation 1 0 0 0 
   0 1 0 0.09 
   0 0 1 -0.3535 
   0 0 0 1 
   llimit: 0    ulimit: 0 
   lvlimit: 0    uvlimit: 0 
   Nb of nodes: 4
   Joint from root to here:
   0 19 20 21 
   Linear Velocity 0 0 0 
   Angular Velocity 0 0 0 
   Linear Acceleration 0 0 0 
   Angular Acceleration 0 0 0 
   Related body informations
   Local center of Mass : 0 0.04 0 
   Inertia Matrix: 1 0 0 
   0 1 0 
   0 0 1 
   mass: 5.1
   ***********************************************
    Display Now information related to children :
    Rank : 22
    Number of child  :1
    Nb of degree of freedom 1
    Initial Position 0 1 0 0 
    1 0 0 0 
    0 0 0 0 
    0 0 0 1 
    CurrentTransformation 1 0 0 0 
    0 1 0 0.09 
    0 0 1 -0.3535 
    0 0 0 1 
    llimit: 0     ulimit: 0 
    lvlimit: 0     uvlimit: 0 
    Nb of nodes: 5
    Joint from root to here:
    0 19 20 21 22 
    Linear Velocity 0 0 0 
    Angular Velocity 0 0 0 
    Linear Acceleration 0 0 0 
    Angular Acceleration 0 0 0 
    Related body informations
    Local center of Mass : 0 0 -0.3 
    Inertia Matrix: 1 0 0 
    0 1 0 
    0 0 1 
    mass: 7
    ***********************************************
     Display Now information related to children :
     Rank : 23
     Number of child  :1
     Nb of degree of freedom 1
     Initial Position 0 1 0 0 
     1 0 0 0 
     0 0 0 -0.3 
     0 0 0 1 
     CurrentTransformation 1 0 0 0 
     0 1 0 0.09 
     0 0 1 -0.6535 
     0 0 0 1 
     llimit: 0      ulimit: 0 
     lvlimit: 0      uvlimit: 0 
     Nb of nodes: 6
     Joint from root to here:
     0 19 20 21 22 23 
     Linear Velocity 0 0 0 
     Angular Velocity 0 0 0 
     Linear Acceleration 0 0 0 
     Angular Acceleration 0 0 0 
     Related body informations
     Local center of Mass : -0.15 0 0 
     Inertia Matrix: 1 0 0 
     0 1 0 
     0 0 1 
     mass: 2.5
     ***********************************************
      Display Now information related to children :
      Rank : 24
      Number of child  :0
      Nb of degree of freedom 1
      Initial Position 1 0 0 0 
      0 1 0 0 
      0 0 0 0 
      0 0 0 1 
      CurrentTransformation 1 0 0 0 
      0 1 0 0.09 
      0 0 1 -0.6535 
      0 0 0 1 
      llimit: 0       ulimit: 0 
      lvlimit: 0       uvlimit: 0 
      Nb of nodes: 7
      Joint from root to here:
      0 19 20 21 22 23 24 
      Linear Velocity 0 0 0 
      Angular Velocity 0 0 0 
      Linear Acceleration 0 0 0 
      Angular Acceleration 0 0 0 
      Related body informations
      Local center of Mass : 0.28 0 -0.2 
      Inertia Matrix: 1 0 0 
      0 1 0 
      0 0 1 
      mass: 1.9
 Rank : 6
 Number of child  :1
 Nb of degree of freedom 1
 Initial Position 1 0 0 0 
 0 1 0 -0.09 
 0 0 0 0 
 0 0 0 1 
 CurrentTransformation 1 0 0 0 
 0 1 0 -0.09 
 0 0 1 0 
 0 0 0 1 
 llimit: 0  ulimit: 0 
 lvlimit: 0  uvlimit: 0 
 Nb of nodes: 2
 Joint from root to here:
 0 6 
 Linear Velocity 0 0 0 
 Angular Velocity 0 0 0 
 Linear Acceleration 0 0 0 
 Angular Acceleration 0 0 0 
 Related body informations
 Local center of Mass : 0 -0.1 0 
 Inertia Matrix: 1 0 0 
 0 1 0 
 0 0 1 
 mass: 2.5
 ***********************************************
  Display Now information related to children :
  Rank : 7
  Number of child  :1
  Nb of degree of freedom 1
  Initial Position 0 1 0 0 
  1 0 0 0 
  0 0 0 0 
  0 0 0 1 
  CurrentTransformation 1 0 0 0 
  0 1 0 -0.09 
  0 0 1 0 
  0 0 0 1 
  llimit: 0   ulimit: 0 
  lvlimit: 0   uvlimit: 0 
  Nb of nodes: 3
  Joint from root to here:
  0 6 7 
  Linear Velocity 0 0 0 
  Angular Velocity 0 0 0 
  Linear Acceleration 0 0 0 
  Angular Acceleration 0 0 0 
  Related body informations
  Local center of Mass : 0 0 -0.15 
  Inertia Matrix: 1 0 0 
  0 1 0 
  0 0 1 
  mass: 2
  ***********************************************
   Display Now information related to children :
   Rank : 8
   Number of child  :1
   Nb of degree of freedom 1
   Initial Position 0 1 0 0 
   0 0 0 0 
   0 0 0 -0.3535 
   0 0 0 1 
   CurrentTransformation 1 0 0 0 
   0 1 0 -0.09 
   0 0 1 -0.3535 
   0 0 0 1 
   llimit: 0    ulimit: 0 
   lvlimit: 0    uvlimit: 0 
   Nb of nodes: 4
   Joint from root to here:
   0 6 7 8 
   Linear Velocity 0 0 0 
   Angular Velocity 0 0 0 
   Linear Acceleration 0 0 0 
   Angular Acceleration 0 0 0 
   Related body informations
   Local center of Mass : 0 -0.04 0 
   Inertia Matrix: 1 0 0 
   0 1 0 
   0 0 1 
   mass: 5.1
   ***********************************************
    Display Now information related to children :
    Rank : 9
    Number of child  :1
    Nb of degree of freedom 1
    Initial Position 0 1 0 0 
    1 0 0 0 
    0 0 0 0 
    0 0 0 1 
    CurrentTransformation 1 0 0 0 
    0 1 0 -0.09 
    0 0 1 -0.3535 
    0 0 0 1 
    llimit: 0     ulimit: 0 
    lvlimit: 0     uvlimit: 0 
    Nb of nodes: 5
    Joint from root to here:
    0 6 7 8 9 
    Linear Velocity 0 0 0 
    Angular Velocity 0 0 0 
    Linear Acceleration 0 0 0 
    Angular Acceleration 0 0 0 
    Related body informations
    Local center of Mass : 0 0 -0.3 
    Inertia Matrix: 1 0 0 
    0 1 0 
    0 0 1 
    mass: 7
    ***********************************************
     Display Now information related to children :
     Rank : 10
     Number of child  :1
     Nb of degree of freedom 1
     Initial Position 0 1 0 0 
     1 0 0 0 
     0 0 0 -0.3 
     0 0 0 1 
     CurrentTransformation 1 0 0 0 
     0 1 0 -0.09 
     0 0 1 -0.6535 
     0 0 0 1 
     llimit: 0      ulimit: 0 
     lvlimit: 0      uvlimit: 0 
     Nb of nodes: 6
     Joint from root to here:
     0 6 7 8 9 10 
     Linear Velocity 0 0 0 
     Angular Velocity 0 0 0 
     Linear Acceleration 0 0 0 
     Angular Acceleration 0 0 0 
     Related body informations
     Local center of Mass : -0.15 0 0 
     Inertia Matrix: 1 0 0 
     0 1 0 
     0 0 1 
     mass: 2.5
     ***********************************************
      Display Now information related to children :
      Rank : 11
      Number of child  :0
      Nb of degree of freedom 1
      Initial Position 1 0 0 0 
      0 1 0 0 
      0 0 0 0 
      0 0 0 1 
      CurrentTransformation 1 0 0 0 
      0 1 0 -0.09 
      0 0 1 -0.6535 
      0 0 0 1 
      llimit: 0       ulimit: 0 
      lvlimit: 0       uvlimit: 0 
      Nb of nodes: 7
      Joint from root to here:
      0 6 7 8 9 10 11 
      Linear Velocity 0 0 0 
      Angular Velocity 0 0 0 
      Linear Acceleration 0 0 0 
      Angular Acceleration 0 0 0 
      Related body informations
      Local center of Mass : 0.28 0 -0.2 
      Inertia Matrix: 1 0 0 
      0 1 0 
      0 0 1 
      mass: 1.9
****************************
Rank of the left hand 
34
0-th value of ZMP : 0.0316055 -1.27319e-18 0
Should be equal to the CoM: 0.0316055 -1.27319e-18 -0.0418089
1-th value of ZMP : 0.0316055 -1.27319e-18 0
Should be equal to the CoM: 0.0316055 -1.27319e-18 -0.0418089
2-th value of ZMP : 0.0316055 -1.27319e-18 0
Should be equal to the CoM: 0.0316055 -1.27319e-18 -0.0418089
3-th value of ZMP : 0.0316055 -1.27319e-18 0
Should be equal to the CoM: 0.0316055 -1.27319e-18 -0.0418089
